0.310000
0.650000
0.330000
0.690000
0.410000
0.850000
0.730000
0.490000
0.010000
0.050000
0.130000
0.290000
0.610000
0.250000
0.530000
0.090000
0.210000
0.450000
0.930000
0.890000
0.810000
0.650000
0.330000
0.690000
0.410000
0.850000
0.730000
0.490000
0.010000
0.050000
0.130000
0.290000
0.610000
0.250000
0.530000
0.090000
0.210000
0.450000
0.930000
0.890000
0.810000
0.650000
0.330000
0.690000
0.410000
0.850000
0.730000
0.490000
0.010000
0.050000
0.130000
0.290000
0.610000
0.250000
0.530000
0.090000
0.210000
0.450000
0.930000
0.890000
0.810000
0.650000
0.330000
0.690000
0.410000
0.850000
0.730000
0.490000
0.010000
0.050000
0.130000
0.290000
0.610000
0.250000
0.530000
0.090000
0.210000
0.450000
0.930000
0.890000
0.810000
0.650000
0.330000
0.690000
0.410000
0.850000
0.730000
0.490000
0.010000
0.050000
0.130000
0.290000
0.610000
0.250000
0.530000
0.090000
0.210000
0.450000
0.930000
0.890000

the total for group 0 is 15.000000
the total for group 1 is 5.000000
the total for group 2 is 15.000000
the total for group 3 is 6.000000
the total for group 4 is 15.000000
the total for group 5 is 5.000000
the total for group 6 is 15.000000
the total for group 7 is 5.000000
the total for group 8 is 14.000000
the total for group 9 is 5.000000
